1000000000
1000000000.5
1000000001
1000000001.5
1000000002
1000000002.5
1000000003
1000000003.5
1000000004
1000000004.5
1000000005
1000000005.5
1000000006
1000000006.5
1000000007
1000000007.5
1000000008
1000000008.5
1000000009
1000000009.5
1000000010
1000000010.5
1000000011
1000000011.5
1000000012
1000000012.5
1000000013
1000000013.5
1000000014
1000000014.5
1000000015
1000000015.5
1000000016
1000000016.5
1000000017
1000000017.5
1000000018
1000000018.5
1000000019
1000000019.5
1000000020
1000000020.5
1000000021
1000000021.5
1000000022
1000000022.5
1000000023
1000000023.5
1000000024
1000000024.5
1000000025
1000000025.5
1000000026
1000000026.5
1000000027
1000000027.5
1000000028
1000000028.5
1000000029
1000000029.5
1000000030
1000000030.5
1000000031
1000000031.5
1000000032
1000000032.5
1000000033
1000000033.5
1000000034
1000000034.5
1000000035
1000000035.5
1000000036
1000000036.5
1000000037
1000000037.5
1000000038
1000000038.5
1000000039
1000000039.5
1000000040
1000000040.5
1000000041
1000000041.5
1000000042
1000000042.5
1000000043
1000000043.5
1000000044
1000000044.5
1000000045
1000000045.5
1000000046
1000000046.5
1000000047
1000000047.5
1000000048
1000000048.5
1000000049
1000000049.5
1000000050
1000000050.5
1000000051
1000000051.5
1000000052
1000000052.5
1000000053
1000000053.5
1000000054
1000000054.5
1000000055
1000000055.5
1000000056
1000000056.5
1000000057
1000000057.5
1000000058
1000000058.5
1000000059
1000000059.5
1000000060
1000000060.5
1000000061
1000000061.5
1000000062
1000000062.5
1000000063
1000000063.5
1000000064
1000000064.5
1000000065
1000000065.5
1000000066
1000000066.5
1000000067
1000000067.5
1000000068
1000000068.5
1000000069
1000000069.5
1000000070
1000000070.5
1000000071
1000000071.5
1000000072
1000000072.5
1000000073
1000000073.5
1000000074
1000000074.5
1000000075
1000000075.5
1000000076
1000000076.5
1000000077
1000000077.5
1000000078
1000000078.5
1000000079
1000000079.5
1000000080
1000000080.5
1000000081
1000000081.5
1000000082
1000000082.5
1000000083
1000000083.5
1000000084
1000000084.5
1000000085
1000000085.5
1000000086
1000000086.5
1000000087
1000000087.5
1000000088
1000000088.5
1000000089
1000000089.5
1000000090
1000000090.5
1000000091
1000000091.5
1000000092
1000000092.5
1000000093
1000000093.5
1000000094
1000000094.5
1000000095
1000000095.5
1000000096
1000000096.5
1000000097
1000000097.5
1000000098
1000000098.5
1000000099
1000000099.5
1000000100
1000000100.5
1000000101
1000000101.5
1000000102
1000000102.5
1000000103
1000000103.5
1000000104
1000000104.5
1000000105
1000000105.5
1000000106
1000000106.5
1000000107
1000000107.5
1000000108
1000000108.5
1000000109
1000000109.5
1000000110
1000000110.5
1000000111
1000000111.5
1000000112
1000000112.5
1000000113
1000000113.5
1000000114
1000000114.5
1000000115
1000000115.5
1000000116
1000000116.5
1000000117
1000000117.5
1000000118
1000000118.5
1000000119
1000000119.5
1000000120
1000000120.5
1000000121
1000000121.5
1000000122
1000000122.5
1000000123
1000000123.5
1000000124
1000000124.5
1000000125
1000000125.5
1000000126
1000000126.5
1000000127
1000000127.5
1000000128
1000000128.5
1000000129
1000000129.5
1000000130
1000000130.5
1000000131
1000000131.5
1000000132
1000000132.5
1000000133
1000000133.5
1000000134
1000000134.5
1000000135
1000000135.5
1000000136
1000000136.5
1000000137
1000000137.5
1000000138
1000000138.5
1000000139
1000000139.5
1000000140
1000000140.5
1000000141
1000000141.5
1000000142
1000000142.5
1000000143
1000000143.5
1000000144
1000000144.5
1000000145
1000000145.5
1000000146
1000000146.5
1000000147
1000000147.5
1000000148
1000000148.5
1000000149
1000000149.5
1000000150
1000000150.5
1000000151
1000000151.5
1000000152
1000000152.5
1000000153
1000000153.5
1000000154
1000000154.5
1000000155
1000000155.5
1000000156
1000000156.5
1000000157
1000000157.5
1000000158
1000000158.5
1000000159
1000000159.5
1000000160
1000000160.5
1000000161
1000000161.5
1000000162
1000000162.5
1000000163
1000000163.5
1000000164
1000000164.5
1000000165
1000000165.5
1000000166
1000000166.5
1000000167
1000000167.5
1000000168
1000000168.5
1000000169
1000000169.5
1000000170
1000000170.5
1000000171
1000000171.5
1000000172
1000000172.5
1000000173
1000000173.5
1000000174
1000000174.5
1000000175
1000000175.5
1000000176
1000000176.5
1000000177
1000000177.5
1000000178
1000000178.5
1000000179
1000000179.5
1000000180
1000000180.5
1000000181
1000000181.5
1000000182
1000000182.5
1000000183
1000000183.5
1000000184
1000000184.5
1000000185
1000000185.5
1000000186
1000000186.5
1000000187
1000000187.5
1000000188
1000000188.5
1000000189
1000000189.5
1000000190
1000000190.5
1000000191
1000000191.5
1000000192
1000000192.5
1000000193
1000000193.5
1000000194
1000000194.5
1000000195
1000000195.5
1000000196
1000000196.5
1000000197
1000000197.5
1000000198
1000000198.5
1000000199
1000000199.5
1000000200
1000000200.5
1000000201
1000000201.5
1000000202
1000000202.5
1000000203
1000000203.5
1000000204
1000000204.5
1000000205
1000000205.5
1000000206
1000000206.5
1000000207
1000000207.5
1000000208
1000000208.5
1000000209
1000000209.5
1000000210
1000000210.5
1000000211
1000000211.5
1000000212
1000000212.5
1000000213
1000000213.5
1000000214
1000000214.5
1000000215
1000000215.5
1000000216
1000000216.5
1000000217
1000000217.5
1000000218
1000000218.5
1000000219
1000000219.5
1000000220
1000000220.5
1000000221
1000000221.5
1000000222
1000000222.5
1000000223
1000000223.5
1000000224
1000000224.5
1000000225
1000000225.5
1000000226
1000000226.5
1000000227
1000000227.5
1000000228
1000000228.5
1000000229
1000000229.5
1000000230
1000000230.5
1000000231
1000000231.5
1000000232
1000000232.5
1000000233
1000000233.5
1000000234
1000000234.5
1000000235
1000000235.5
1000000236
1000000236.5
1000000237
1000000237.5
1000000238
1000000238.5
1000000239
1000000239.5
1000000240
1000000240.5
1000000241
1000000241.5
1000000242
1000000242.5
1000000243
1000000243.5
1000000244
1000000244.5
1000000245
1000000245.5
1000000246
1000000246.5
1000000247
1000000247.5
1000000248
1000000248.5
1000000249
1000000249.5
1000000250
1000000250.5
1000000251
1000000251.5
1000000252
1000000252.5
1000000253
1000000253.5
1000000254
1000000254.5
1000000255
1000000255.5
1000000256
1000000256.5
1000000257
1000000257.5
1000000258
1000000258.5
1000000259
1000000259.5
1000000260
1000000260.5
1000000261
1000000261.5
1000000262
1000000262.5
1000000263
1000000263.5
1000000264
1000000264.5
1000000265
1000000265.5
1000000266
1000000266.5
1000000267
1000000267.5
1000000268
1000000268.5
1000000269
1000000269.5
1000000270
1000000270.5
1000000271
1000000271.5
1000000272
1000000272.5
1000000273
1000000273.5
1000000274
1000000274.5
1000000275
1000000275.5
1000000276
1000000276.5
1000000277
1000000277.5
1000000278
1000000278.5
1000000279
1000000279.5
1000000280
1000000280.5
1000000281
1000000281.5
1000000282
1000000282.5
1000000283
1000000283.5
1000000284
1000000284.5
1000000285
1000000285.5
1000000286
1000000286.5
1000000287
1000000287.5
1000000288
1000000288.5
1000000289
1000000289.5
1000000290
1000000290.5
1000000291
1000000291.5
1000000292
1000000292.5
1000000293
1000000293.5
1000000294
1000000294.5
1000000295
1000000295.5
1000000296
1000000296.5
1000000297
1000000297.5
1000000298
1000000298.5
1000000299
1000000299.5
1000000300
1000000300.5
1000000301
1000000301.5
1000000302
1000000302.5
1000000303
1000000303.5
1000000304
1000000304.5
1000000305
1000000305.5
1000000306
1000000306.5
1000000307
1000000307.5
1000000308
1000000308.5
1000000309
1000000309.5
1000000310
1000000310.5
1000000311
1000000311.5
1000000312
1000000312.5
1000000313
1000000313.5
1000000314
1000000314.5
1000000315
1000000315.5
1000000316
1000000316.5
1000000317
1000000317.5
1000000318
1000000318.5
1000000319
1000000319.5
1000000320
1000000320.5
1000000321
1000000321.5
1000000322
1000000322.5
1000000323
1000000323.5
1000000324
1000000324.5
1000000325
1000000325.5
1000000326
1000000326.5
1000000327
1000000327.5
1000000328
1000000328.5
1000000329
1000000329.5
1000000330
1000000330.5
1000000331
1000000331.5
1000000332
1000000332.5
1000000333
1000000333.5
1000000334
1000000334.5
1000000335
1000000335.5
1000000336
1000000336.5
1000000337
1000000337.5
1000000338
1000000338.5
1000000339
1000000339.5
1000000340
1000000340.5
1000000341
1000000341.5
1000000342
1000000342.5
1000000343
1000000343.5
1000000344
1000000344.5
1000000345
1000000345.5
1000000346
1000000346.5
1000000347
1000000347.5
1000000348
1000000348.5
1000000349
1000000349.5
1000000350
1000000350.5
1000000351
1000000351.5
1000000352
1000000352.5
1000000353
1000000353.5
1000000354
1000000354.5
1000000355
1000000355.5
1000000356
1000000356.5
1000000357
1000000357.5
1000000358
1000000358.5
1000000359
1000000359.5
1000000360
1000000360.5
1000000361
1000000361.5
1000000362
1000000362.5
1000000363
1000000363.5
1000000364
1000000364.5
1000000365
1000000365.5
1000000366
1000000366.5
1000000367
1000000367.5
1000000368
1000000368.5
1000000369
1000000369.5
1000000370
1000000370.5
1000000371
1000000371.5
1000000372
1000000372.5
1000000373
1000000373.5
1000000374
1000000374.5
1000000375
1000000375.5
1000000376
1000000376.5
1000000377
1000000377.5
1000000378
1000000378.5
1000000379
1000000379.5
1000000380
1000000380.5
1000000381
1000000381.5
1000000382
1000000382.5
1000000383
1000000383.5
1000000384
1000000384.5
1000000385
1000000385.5
1000000386
1000000386.5
1000000387
1000000387.5
1000000388
1000000388.5
1000000389
1000000389.5
1000000390
1000000390.5
1000000391
1000000391.5
1000000392
1000000392.5
1000000393
1000000393.5
1000000394
1000000394.5
1000000395
1000000395.5
1000000396
1000000396.5
1000000397
1000000397.5
1000000398
1000000398.5
1000000399
1000000399.5
1000000400
1000000400.5
1000000401
1000000401.5
1000000402
1000000402.5
1000000403
1000000403.5
1000000404
1000000404.5
1000000405
1000000405.5
1000000406
1000000406.5
1000000407
1000000407.5
1000000408
1000000408.5
1000000409
1000000409.5
1000000410
1000000410.5
1000000411
1000000411.5
1000000412
1000000412.5
1000000413
1000000413.5
1000000414
1000000414.5
1000000415
1000000415.5
1000000416
1000000416.5
1000000417
1000000417.5
1000000418
1000000418.5
1000000419
1000000419.5
1000000420
1000000420.5
1000000421
1000000421.5
1000000422
1000000422.5
1000000423
1000000423.5
1000000424
1000000424.5
1000000425
1000000425.5
1000000426
1000000426.5
1000000427
1000000427.5
1000000428
1000000428.5
1000000429
1000000429.5
1000000430
1000000430.5
1000000431
1000000431.5
1000000432
1000000432.5
1000000433
1000000433.5
1000000434
1000000434.5
1000000435
1000000435.5
1000000436
1000000436.5
1000000437
1000000437.5
1000000438
1000000438.5
1000000439
1000000439.5
1000000440
1000000440.5
1000000441
1000000441.5
1000000442
1000000442.5
1000000443
1000000443.5
1000000444
1000000444.5
1000000445
1000000445.5
1000000446
1000000446.5
1000000447
1000000447.5
1000000448
1000000448.5
1000000449
1000000449.5
1000000450
1000000450.5
1000000451
1000000451.5
1000000452
1000000452.5
1000000453
1000000453.5
1000000454
1000000454.5
1000000455
1000000455.5
1000000456
1000000456.5
1000000457
1000000457.5
1000000458
1000000458.5
1000000459
1000000459.5
1000000460
1000000460.5
1000000461
1000000461.5
1000000462
1000000462.5
1000000463
1000000463.5
1000000464
1000000464.5
1000000465
1000000465.5
1000000466
1000000466.5
1000000467
1000000467.5
1000000468
1000000468.5
1000000469
1000000469.5
1000000470
1000000470.5
1000000471
1000000471.5
1000000472
1000000472.5
1000000473
1000000473.5
1000000474
1000000474.5
1000000475
1000000475.5
1000000476
1000000476.5
1000000477
1000000477.5
1000000478
1000000478.5
1000000479
1000000479.5
1000000480
1000000480.5
1000000481
1000000481.5
1000000482
1000000482.5
1000000483
1000000483.5
1000000484
1000000484.5
1000000485
1000000485.5
1000000486
1000000486.5
1000000487
1000000487.5
1000000488
1000000488.5
1000000489
1000000489.5
1000000490
1000000490.5
1000000491
1000000491.5
1000000492
1000000492.5
1000000493
1000000493.5
1000000494
1000000494.5
1000000495
1000000495.5
1000000496
1000000496.5
1000000497
1000000497.5
1000000498
1000000498.5
1000000499
1000000499.5
